1.399999999999999911e+00
1.899999999999999911e+00
2.399999999999999911e+00
2.899999999999999911e+00
3.399999999999999911e+00
3.899999999999999911e+00
4.400000000000000355e+00
4.900000000000000355e+00
5.400000000000000355e+00
5.900000000000000355e+00
6.400000000000000355e+00
6.900000000000000355e+00
7.400000000000000355e+00
7.900000000000000355e+00
8.400000000000000355e+00
8.900000000000000355e+00
9.400000000000000355e+00
9.900000000000000355e+00
1.040000000000000036e+01
1.090000000000000036e+01
1.140000000000000036e+01
1.190000000000000036e+01
1.240000000000000036e+01
1.290000000000000036e+01
1.340000000000000036e+01
1.390000000000000036e+01
1.440000000000000036e+01
1.490000000000000036e+01
1.540000000000000036e+01
1.590000000000000036e+01
1.639999999999999858e+01
1.689999999999999858e+01
1.739999999999999858e+01
1.789999999999999858e+01
1.839999999999999858e+01
1.889999999999999858e+01
1.939999999999999858e+01
1.989999999999999858e+01
2.039999999999999858e+01
2.089999999999999858e+01
2.139999999999999858e+01
2.189999999999999858e+01
2.239999999999999858e+01
2.289999999999999858e+01
2.339999999999999858e+01
2.389999999999999858e+01
2.439999999999999858e+01
2.489999999999999858e+01
2.539999999999999858e+01
2.589999999999999858e+01
2.639999999999999858e+01
2.689999999999999858e+01
2.739999999999999858e+01
2.789999999999999858e+01
2.839999999999999858e+01
2.889999999999999858e+01
2.939999999999999858e+01
2.989999999999999858e+01
3.039999999999999858e+01
3.089999999999999858e+01
3.139999999999999858e+01
3.189999999999999858e+01
3.239999999999999858e+01
3.289999999999999858e+01
3.339999999999999858e+01
3.389999999999999858e+01
3.439999999999999858e+01
3.489999999999999858e+01
3.539999999999999858e+01
3.589999999999999858e+01
3.639999999999999858e+01
3.689999999999999858e+01
3.739999999999999858e+01
3.789999999999999858e+01
3.839999999999999858e+01
3.889999999999999858e+01
3.939999999999999858e+01
3.989999999999999858e+01
4.039999999999999858e+01
4.089999999999999858e+01
4.139999999999999858e+01
4.189999999999999858e+01
4.239999999999999858e+01
4.289999999999999858e+01
4.339999999999999858e+01
4.389999999999999858e+01
4.439999999999999858e+01
4.489999999999999858e+01
4.539999999999999858e+01
4.589999999999999858e+01
4.639999999999999858e+01
4.689999999999999858e+01
4.739999999999999858e+01
4.789999999999999858e+01
4.839999999999999858e+01
4.889999999999999858e+01
4.939999999999999858e+01
4.989999999999999858e+01
5.039999999999999858e+01
5.089999999999999858e+01
5.139999999999999858e+01
5.189999999999999858e+01
5.239999999999999858e+01
5.289999999999999858e+01
5.339999999999999858e+01
5.389999999999999858e+01
5.439999999999999858e+01
5.489999999999999858e+01
5.539999999999999858e+01
5.589999999999999858e+01
5.639999999999999858e+01
5.689999999999999858e+01
5.739999999999999858e+01
5.789999999999999858e+01
5.839999999999999858e+01
5.889999999999999858e+01
5.939999999999999858e+01
5.989999999999999858e+01
6.039999999999999858e+01
6.089999999999999858e+01
6.139999999999999858e+01
6.189999999999999858e+01
6.239999999999999858e+01
6.289999999999999858e+01
6.339999999999999858e+01
6.389999999999999858e+01
6.440000000000000568e+01
6.490000000000000568e+01
6.540000000000000568e+01
6.590000000000000568e+01
6.640000000000000568e+01
6.690000000000000568e+01
6.740000000000000568e+01
6.790000000000000568e+01
6.840000000000000568e+01
6.890000000000000568e+01
6.940000000000000568e+01
6.990000000000000568e+01
7.040000000000000568e+01
7.090000000000000568e+01
7.140000000000000568e+01
7.190000000000000568e+01
7.240000000000000568e+01
7.290000000000000568e+01
7.340000000000000568e+01
7.390000000000000568e+01
7.440000000000000568e+01
7.490000000000000568e+01
7.540000000000000568e+01
7.590000000000000568e+01
7.640000000000000568e+01
7.690000000000000568e+01
7.740000000000000568e+01
7.790000000000000568e+01
7.840000000000000568e+01
7.890000000000000568e+01
7.940000000000000568e+01
7.990000000000000568e+01
8.040000000000000568e+01
8.090000000000000568e+01
8.140000000000000568e+01
8.190000000000000568e+01
8.240000000000000568e+01
8.290000000000000568e+01
8.340000000000000568e+01
8.390000000000000568e+01
8.440000000000000568e+01
8.490000000000000568e+01
8.540000000000000568e+01
8.590000000000000568e+01
8.640000000000000568e+01
8.690000000000000568e+01
8.740000000000000568e+01
8.790000000000000568e+01
8.840000000000000568e+01
8.890000000000000568e+01
8.940000000000000568e+01
8.990000000000000568e+01
9.040000000000000568e+01
9.090000000000000568e+01
9.140000000000000568e+01
9.190000000000000568e+01
9.240000000000000568e+01
9.290000000000000568e+01
9.340000000000000568e+01
9.390000000000000568e+01
9.440000000000000568e+01
9.490000000000000568e+01
9.540000000000000568e+01
9.590000000000000568e+01
9.640000000000000568e+01
9.690000000000000568e+01
9.740000000000000568e+01
9.790000000000000568e+01
9.840000000000000568e+01
9.890000000000000568e+01
9.940000000000000568e+01
9.990000000000000568e+01
1.004000000000000057e+02
1.009000000000000057e+02
1.014000000000000057e+02
1.019000000000000057e+02
1.024000000000000057e+02
1.029000000000000057e+02
1.034000000000000057e+02
1.039000000000000057e+02
1.044000000000000057e+02
1.049000000000000057e+02
1.054000000000000057e+02
1.059000000000000057e+02
1.064000000000000057e+02
1.069000000000000057e+02
1.074000000000000057e+02
1.079000000000000057e+02
1.084000000000000057e+02
1.089000000000000057e+02
1.094000000000000057e+02
1.099000000000000057e+02
1.104000000000000057e+02
1.109000000000000057e+02
1.114000000000000057e+02
1.119000000000000057e+02
1.124000000000000057e+02
1.129000000000000057e+02
1.134000000000000057e+02
1.139000000000000057e+02
1.144000000000000057e+02
1.149000000000000057e+02
1.154000000000000057e+02
1.159000000000000057e+02
1.164000000000000057e+02
1.169000000000000057e+02
1.174000000000000057e+02
1.179000000000000057e+02
1.184000000000000057e+02
1.189000000000000057e+02
1.194000000000000057e+02
1.199000000000000057e+02
1.204000000000000057e+02
1.209000000000000057e+02
1.214000000000000057e+02
1.219000000000000057e+02
1.224000000000000057e+02
1.229000000000000057e+02
1.234000000000000057e+02
1.239000000000000057e+02
1.244000000000000057e+02
1.249000000000000057e+02
1.254000000000000057e+02
1.259000000000000057e+02
1.264000000000000057e+02
1.269000000000000057e+02
1.274000000000000057e+02
1.279000000000000057e+02
1.284000000000000057e+02
1.289000000000000057e+02
1.294000000000000057e+02
1.299000000000000057e+02
1.304000000000000057e+02
1.309000000000000057e+02
1.314000000000000057e+02
1.319000000000000057e+02
1.324000000000000057e+02
1.329000000000000057e+02
1.334000000000000057e+02
1.339000000000000057e+02
1.344000000000000057e+02
1.349000000000000057e+02
1.354000000000000057e+02
1.359000000000000057e+02
1.364000000000000057e+02
1.369000000000000057e+02
1.374000000000000057e+02
1.379000000000000057e+02
1.384000000000000057e+02
1.389000000000000057e+02
1.394000000000000057e+02
1.399000000000000057e+02
1.404000000000000057e+02
1.409000000000000057e+02
1.414000000000000057e+02
1.419000000000000057e+02
1.424000000000000057e+02
1.429000000000000057e+02
1.434000000000000057e+02
1.439000000000000057e+02
1.444000000000000057e+02
1.449000000000000057e+02
1.454000000000000057e+02
1.459000000000000057e+02
1.464000000000000057e+02
1.469000000000000057e+02
1.474000000000000057e+02
1.479000000000000057e+02
1.484000000000000057e+02
1.489000000000000057e+02
1.494000000000000057e+02
1.499000000000000057e+02
1.504000000000000057e+02
1.509000000000000057e+02
1.514000000000000057e+02
1.519000000000000057e+02
1.524000000000000057e+02
1.529000000000000057e+02
1.534000000000000057e+02
1.539000000000000057e+02
1.544000000000000057e+02
1.549000000000000057e+02
1.554000000000000057e+02
1.559000000000000057e+02
1.564000000000000057e+02
1.569000000000000057e+02
1.574000000000000057e+02
1.579000000000000057e+02
1.584000000000000057e+02
1.589000000000000057e+02
1.594000000000000057e+02
1.599000000000000057e+02
1.604000000000000057e+02
1.609000000000000057e+02
1.614000000000000057e+02
1.619000000000000057e+02
1.624000000000000057e+02
1.629000000000000057e+02
1.634000000000000057e+02
1.639000000000000057e+02
1.644000000000000057e+02
1.649000000000000057e+02
1.654000000000000057e+02
1.659000000000000057e+02
1.664000000000000057e+02
1.669000000000000057e+02
1.674000000000000057e+02
1.679000000000000057e+02
1.684000000000000057e+02
1.689000000000000057e+02
1.694000000000000057e+02
1.699000000000000057e+02
1.704000000000000057e+02
1.709000000000000057e+02
1.714000000000000057e+02
1.719000000000000057e+02
1.724000000000000057e+02
1.729000000000000057e+02
1.734000000000000057e+02
1.739000000000000057e+02
1.744000000000000057e+02
1.749000000000000057e+02
1.754000000000000057e+02
1.759000000000000057e+02
1.764000000000000057e+02
1.769000000000000057e+02
1.774000000000000057e+02
1.779000000000000057e+02
1.784000000000000057e+02
1.789000000000000057e+02
1.794000000000000057e+02
1.799000000000000057e+02
1.804000000000000057e+02
1.809000000000000057e+02
1.814000000000000057e+02
1.819000000000000057e+02
1.824000000000000057e+02
1.829000000000000057e+02
1.834000000000000057e+02
1.839000000000000057e+02
1.844000000000000057e+02
1.849000000000000057e+02
1.854000000000000057e+02
1.859000000000000057e+02
1.864000000000000057e+02
1.869000000000000057e+02
1.874000000000000057e+02
1.879000000000000057e+02
1.884000000000000057e+02
1.889000000000000057e+02
1.894000000000000057e+02
1.899000000000000057e+02
1.904000000000000057e+02
1.909000000000000057e+02
1.914000000000000057e+02
1.919000000000000057e+02
1.924000000000000057e+02
1.929000000000000057e+02
1.934000000000000057e+02
1.939000000000000057e+02
1.944000000000000057e+02
1.949000000000000057e+02
1.954000000000000057e+02
1.959000000000000057e+02
1.964000000000000057e+02
1.969000000000000057e+02
1.974000000000000057e+02
1.979000000000000057e+02
1.984000000000000057e+02
1.989000000000000057e+02
1.994000000000000057e+02
1.999000000000000057e+02
2.004000000000000057e+02
2.009000000000000057e+02
2.014000000000000057e+02
2.019000000000000057e+02
2.024000000000000057e+02
2.029000000000000057e+02
2.034000000000000057e+02
2.039000000000000057e+02
2.044000000000000057e+02
2.049000000000000057e+02
2.054000000000000057e+02
2.059000000000000057e+02
2.064000000000000057e+02
2.069000000000000057e+02
2.074000000000000057e+02
2.079000000000000057e+02
2.084000000000000057e+02
2.089000000000000057e+02
2.094000000000000057e+02
2.099000000000000057e+02
2.104000000000000057e+02
2.109000000000000057e+02
2.114000000000000057e+02
2.119000000000000057e+02
2.124000000000000057e+02
2.129000000000000057e+02
2.134000000000000057e+02
2.139000000000000057e+02
2.144000000000000057e+02
2.149000000000000057e+02
2.154000000000000057e+02
2.159000000000000057e+02
2.164000000000000057e+02
2.169000000000000057e+02
2.174000000000000057e+02
2.179000000000000057e+02
2.184000000000000057e+02
2.189000000000000057e+02
2.194000000000000057e+02
2.199000000000000057e+02
2.204000000000000057e+02
2.209000000000000057e+02
2.214000000000000057e+02
2.219000000000000057e+02
2.224000000000000057e+02
2.229000000000000057e+02
2.234000000000000057e+02
2.239000000000000057e+02
2.244000000000000057e+02
2.249000000000000057e+02
2.254000000000000057e+02
2.259000000000000057e+02
2.264000000000000057e+02
2.269000000000000057e+02
2.274000000000000057e+02
2.279000000000000057e+02
2.284000000000000057e+02
2.289000000000000057e+02
2.294000000000000057e+02
2.299000000000000057e+02
2.304000000000000057e+02
2.309000000000000057e+02
2.314000000000000057e+02
2.319000000000000057e+02
2.324000000000000057e+02
2.329000000000000057e+02
2.334000000000000057e+02
2.339000000000000057e+02
2.344000000000000057e+02
2.349000000000000057e+02
2.354000000000000057e+02
2.359000000000000057e+02
2.364000000000000057e+02
2.369000000000000057e+02
2.374000000000000057e+02
2.379000000000000057e+02
2.384000000000000057e+02
2.389000000000000057e+02
2.394000000000000057e+02
2.399000000000000057e+02
2.404000000000000057e+02
2.409000000000000057e+02
2.414000000000000057e+02
2.419000000000000057e+02
2.424000000000000057e+02
2.429000000000000057e+02
2.434000000000000057e+02
2.439000000000000057e+02
2.444000000000000057e+02
2.449000000000000057e+02
2.454000000000000057e+02
2.459000000000000057e+02
2.464000000000000057e+02
2.469000000000000057e+02
2.474000000000000057e+02
2.479000000000000057e+02
2.484000000000000057e+02
2.489000000000000057e+02
2.494000000000000057e+02
2.499000000000000057e+02
2.504000000000000057e+02
2.509000000000000057e+02
2.514000000000000057e+02
2.519000000000000057e+02
2.524000000000000057e+02
2.529000000000000057e+02
2.534000000000000057e+02
2.539000000000000057e+02
2.544000000000000057e+02
2.549000000000000057e+02
2.554000000000000057e+02
2.559000000000000057e+02
2.563999999999999773e+02
2.568999999999999773e+02
2.573999999999999773e+02
2.578999999999999773e+02
2.583999999999999773e+02
2.588999999999999773e+02
2.593999999999999773e+02
2.598999999999999773e+02
2.603999999999999773e+02
2.608999999999999773e+02
2.613999999999999773e+02
2.618999999999999773e+02
2.623999999999999773e+02
2.628999999999999773e+02
2.633999999999999773e+02
2.638999999999999773e+02
2.643999999999999773e+02
2.648999999999999773e+02
2.653999999999999773e+02
2.658999999999999773e+02
2.663999999999999773e+02
2.668999999999999773e+02
2.673999999999999773e+02
2.678999999999999773e+02
2.683999999999999773e+02
2.688999999999999773e+02
2.693999999999999773e+02
2.698999999999999773e+02
2.703999999999999773e+02
2.708999999999999773e+02
2.713999999999999773e+02
2.718999999999999773e+02
2.723999999999999773e+02
2.728999999999999773e+02
2.733999999999999773e+02
2.738999999999999773e+02
2.743999999999999773e+02
2.748999999999999773e+02
2.753999999999999773e+02
2.758999999999999773e+02
2.763999999999999773e+02
2.768999999999999773e+02
2.773999999999999773e+02
2.778999999999999773e+02
2.783999999999999773e+02
2.788999999999999773e+02
2.793999999999999773e+02
2.798999999999999773e+02
2.803999999999999773e+02
2.808999999999999773e+02
2.813999999999999773e+02
2.818999999999999773e+02
2.823999999999999773e+02
2.828999999999999773e+02
2.833999999999999773e+02
2.838999999999999773e+02
2.843999999999999773e+02
2.848999999999999773e+02
2.853999999999999773e+02
2.858999999999999773e+02
2.863999999999999773e+02
2.868999999999999773e+02
2.873999999999999773e+02
2.878999999999999773e+02
2.883999999999999773e+02
2.888999999999999773e+02
2.893999999999999773e+02
2.898999999999999773e+02
2.903999999999999773e+02
2.908999999999999773e+02
2.913999999999999773e+02
2.918999999999999773e+02
2.923999999999999773e+02
2.928999999999999773e+02
2.933999999999999773e+02
2.938999999999999773e+02
2.943999999999999773e+02
2.948999999999999773e+02
2.953999999999999773e+02
2.958999999999999773e+02
2.963999999999999773e+02
2.968999999999999773e+02
2.973999999999999773e+02
2.978999999999999773e+02
2.983999999999999773e+02
2.988999999999999773e+02
2.993999999999999773e+02
2.998999999999999773e+02
3.003999999999999773e+02
3.008999999999999773e+02
3.013999999999999773e+02
3.018999999999999773e+02
3.023999999999999773e+02
3.028999999999999773e+02
3.033999999999999773e+02
3.038999999999999773e+02
3.043999999999999773e+02
