1.399999999999999911e+00
1.899999999999999911e+00
2.399999999999999911e+00
2.899999999999999911e+00
3.399999999999999911e+00
3.899999999999999911e+00
4.400000000000000355e+00
4.900000000000000355e+00
5.400000000000000355e+00
5.900000000000000355e+00
6.400000000000000355e+00
6.900000000000000355e+00
7.400000000000000355e+00
7.900000000000000355e+00
8.400000000000000355e+00
8.900000000000000355e+00
9.400000000000000355e+00
9.900000000000000355e+00
1.040000000000000036e+01
1.090000000000000036e+01
1.140000000000000036e+01
1.190000000000000036e+01
1.240000000000000036e+01
1.290000000000000036e+01
1.340000000000000036e+01
1.390000000000000036e+01
1.440000000000000036e+01
1.490000000000000036e+01
1.540000000000000036e+01
1.590000000000000036e+01
1.639999999999999858e+01
1.689999999999999858e+01
1.739999999999999858e+01
1.789999999999999858e+01
1.839999999999999858e+01
1.889999999999999858e+01
1.939999999999999858e+01
1.989999999999999858e+01
2.039999999999999858e+01
2.089999999999999858e+01
2.139999999999999858e+01
2.189999999999999858e+01
2.239999999999999858e+01
2.289999999999999858e+01
2.339999999999999858e+01
2.389999999999999858e+01
2.439999999999999858e+01
2.489999999999999858e+01
2.539999999999999858e+01
2.589999999999999858e+01
2.639999999999999858e+01
2.689999999999999858e+01
2.739999999999999858e+01
2.789999999999999858e+01
2.839999999999999858e+01
2.889999999999999858e+01
2.939999999999999858e+01
2.989999999999999858e+01
3.039999999999999858e+01
3.089999999999999858e+01
3.139999999999999858e+01
3.189999999999999858e+01
3.239999999999999858e+01
3.289999999999999858e+01
3.339999999999999858e+01
3.389999999999999858e+01
3.439999999999999858e+01
3.489999999999999858e+01
3.539999999999999858e+01
3.589999999999999858e+01
3.639999999999999858e+01
3.689999999999999858e+01
3.739999999999999858e+01
3.789999999999999858e+01
3.839999999999999858e+01
3.889999999999999858e+01
3.939999999999999858e+01
3.989999999999999858e+01
4.039999999999999858e+01
4.089999999999999858e+01
4.139999999999999858e+01
4.189999999999999858e+01
4.239999999999999858e+01
4.289999999999999858e+01
4.339999999999999858e+01
4.389999999999999858e+01
4.439999999999999858e+01
4.489999999999999858e+01
4.539999999999999858e+01
4.589999999999999858e+01
4.639999999999999858e+01
4.689999999999999858e+01
4.739999999999999858e+01
4.789999999999999858e+01
4.839999999999999858e+01
4.889999999999999858e+01
4.939999999999999858e+01
4.989999999999999858e+01
5.039999999999999858e+01
5.089999999999999858e+01
5.139999999999999858e+01
5.189999999999999858e+01
5.239999999999999858e+01
5.289999999999999858e+01
5.339999999999999858e+01
5.389999999999999858e+01
5.439999999999999858e+01
5.489999999999999858e+01
5.539999999999999858e+01
5.589999999999999858e+01
5.639999999999999858e+01
5.689999999999999858e+01
5.739999999999999858e+01
5.789999999999999858e+01
5.839999999999999858e+01
5.889999999999999858e+01
5.939999999999999858e+01
5.989999999999999858e+01
6.039999999999999858e+01
6.089999999999999858e+01
6.139999999999999858e+01
6.189999999999999858e+01
6.239999999999999858e+01
6.289999999999999858e+01
6.339999999999999858e+01
6.389999999999999858e+01
6.440000000000000568e+01
6.490000000000000568e+01
6.540000000000000568e+01
6.590000000000000568e+01
6.640000000000000568e+01
6.690000000000000568e+01
6.740000000000000568e+01
6.790000000000000568e+01
6.840000000000000568e+01
6.890000000000000568e+01
6.940000000000000568e+01
6.990000000000000568e+01
7.040000000000000568e+01
7.090000000000000568e+01
7.140000000000000568e+01
7.190000000000000568e+01
7.240000000000000568e+01
7.290000000000000568e+01
7.340000000000000568e+01
7.390000000000000568e+01
7.440000000000000568e+01
7.490000000000000568e+01
7.540000000000000568e+01
7.590000000000000568e+01
7.640000000000000568e+01
7.690000000000000568e+01
7.740000000000000568e+01
7.790000000000000568e+01
7.840000000000000568e+01
7.890000000000000568e+01
7.940000000000000568e+01
7.990000000000000568e+01
8.040000000000000568e+01
8.090000000000000568e+01
8.140000000000000568e+01
8.190000000000000568e+01
8.240000000000000568e+01
8.290000000000000568e+01
8.340000000000000568e+01
8.390000000000000568e+01
8.440000000000000568e+01
8.490000000000000568e+01
8.540000000000000568e+01
8.590000000000000568e+01
8.640000000000000568e+01
8.690000000000000568e+01
8.740000000000000568e+01
8.790000000000000568e+01
8.840000000000000568e+01
8.890000000000000568e+01
8.940000000000000568e+01
8.990000000000000568e+01
9.040000000000000568e+01
9.090000000000000568e+01
9.140000000000000568e+01
9.190000000000000568e+01
9.240000000000000568e+01
9.290000000000000568e+01
9.340000000000000568e+01
9.390000000000000568e+01
9.440000000000000568e+01
9.490000000000000568e+01
9.540000000000000568e+01
9.590000000000000568e+01
9.640000000000000568e+01
9.690000000000000568e+01
9.740000000000000568e+01
9.790000000000000568e+01
9.840000000000000568e+01
9.890000000000000568e+01
9.940000000000000568e+01
9.990000000000000568e+01
1.004000000000000057e+02
1.009000000000000057e+02
1.014000000000000057e+02
1.019000000000000057e+02
1.024000000000000057e+02
1.029000000000000057e+02
1.034000000000000057e+02
1.039000000000000057e+02
1.044000000000000057e+02
1.049000000000000057e+02
1.054000000000000057e+02
1.059000000000000057e+02
1.064000000000000057e+02
1.069000000000000057e+02
1.074000000000000057e+02
1.079000000000000057e+02
1.084000000000000057e+02
1.089000000000000057e+02
1.094000000000000057e+02
1.099000000000000057e+02
1.104000000000000057e+02
1.109000000000000057e+02
1.114000000000000057e+02
1.119000000000000057e+02
1.124000000000000057e+02
1.129000000000000057e+02
1.134000000000000057e+02
1.139000000000000057e+02
1.144000000000000057e+02
1.149000000000000057e+02
1.154000000000000057e+02
1.159000000000000057e+02
1.164000000000000057e+02
1.169000000000000057e+02
1.174000000000000057e+02
1.179000000000000057e+02
1.184000000000000057e+02
1.189000000000000057e+02
1.194000000000000057e+02
1.199000000000000057e+02
1.204000000000000057e+02
1.209000000000000057e+02
1.214000000000000057e+02
1.219000000000000057e+02
1.224000000000000057e+02
1.229000000000000057e+02
1.234000000000000057e+02
1.239000000000000057e+02
1.244000000000000057e+02
1.249000000000000057e+02
1.254000000000000057e+02
1.259000000000000057e+02
1.264000000000000057e+02
1.269000000000000057e+02
1.274000000000000057e+02
1.279000000000000057e+02
1.284000000000000057e+02
1.289000000000000057e+02
1.294000000000000057e+02
1.299000000000000057e+02
1.304000000000000057e+02
1.309000000000000057e+02
1.314000000000000057e+02
1.319000000000000057e+02
1.324000000000000057e+02
1.329000000000000057e+02
1.334000000000000057e+02
1.339000000000000057e+02
1.344000000000000057e+02
1.349000000000000057e+02
1.354000000000000057e+02
1.359000000000000057e+02
1.364000000000000057e+02
1.369000000000000057e+02
1.374000000000000057e+02
1.379000000000000057e+02
1.384000000000000057e+02
1.389000000000000057e+02
1.394000000000000057e+02
1.399000000000000057e+02
1.404000000000000057e+02
1.409000000000000057e+02
1.414000000000000057e+02
1.419000000000000057e+02
1.424000000000000057e+02
1.429000000000000057e+02
1.434000000000000057e+02
1.439000000000000057e+02
1.444000000000000057e+02
1.449000000000000057e+02
1.454000000000000057e+02
1.459000000000000057e+02
1.464000000000000057e+02
1.469000000000000057e+02
1.474000000000000057e+02
1.479000000000000057e+02
1.484000000000000057e+02
1.489000000000000057e+02
1.494000000000000057e+02
1.499000000000000057e+02
1.504000000000000057e+02
1.509000000000000057e+02
1.514000000000000057e+02
1.519000000000000057e+02
1.524000000000000057e+02
1.529000000000000057e+02
1.534000000000000057e+02
1.539000000000000057e+02
1.544000000000000057e+02
1.549000000000000057e+02
1.554000000000000057e+02
1.559000000000000057e+02
1.564000000000000057e+02
1.569000000000000057e+02
1.574000000000000057e+02
1.579000000000000057e+02
1.584000000000000057e+02
1.589000000000000057e+02
1.594000000000000057e+02
1.599000000000000057e+02
1.604000000000000057e+02
1.609000000000000057e+02
1.614000000000000057e+02
1.619000000000000057e+02
1.624000000000000057e+02
1.629000000000000057e+02
1.634000000000000057e+02
1.639000000000000057e+02
1.644000000000000057e+02
1.649000000000000057e+02
1.654000000000000057e+02
1.659000000000000057e+02
1.664000000000000057e+02
1.669000000000000057e+02
1.674000000000000057e+02
1.679000000000000057e+02
1.684000000000000057e+02
1.689000000000000057e+02
1.694000000000000057e+02
1.699000000000000057e+02
1.704000000000000057e+02
1.709000000000000057e+02
1.714000000000000057e+02
1.719000000000000057e+02
1.724000000000000057e+02
1.729000000000000057e+02
1.734000000000000057e+02
1.739000000000000057e+02
1.744000000000000057e+02
1.749000000000000057e+02
1.754000000000000057e+02
1.759000000000000057e+02
1.764000000000000057e+02
1.769000000000000057e+02
1.774000000000000057e+02
1.779000000000000057e+02
1.784000000000000057e+02
1.789000000000000057e+02
1.794000000000000057e+02
1.799000000000000057e+02
1.804000000000000057e+02
1.809000000000000057e+02
1.814000000000000057e+02
1.819000000000000057e+02
1.824000000000000057e+02
1.829000000000000057e+02
1.834000000000000057e+02
1.839000000000000057e+02
1.844000000000000057e+02
1.849000000000000057e+02
1.854000000000000057e+02
1.859000000000000057e+02
1.864000000000000057e+02
1.869000000000000057e+02
1.874000000000000057e+02
1.879000000000000057e+02
1.884000000000000057e+02
1.889000000000000057e+02
1.894000000000000057e+02
1.899000000000000057e+02
1.904000000000000057e+02
1.909000000000000057e+02
1.914000000000000057e+02
1.919000000000000057e+02
1.924000000000000057e+02
1.929000000000000057e+02
1.934000000000000057e+02
1.939000000000000057e+02
1.944000000000000057e+02
1.949000000000000057e+02
1.954000000000000057e+02
1.959000000000000057e+02
1.964000000000000057e+02
1.969000000000000057e+02
1.974000000000000057e+02
1.979000000000000057e+02
1.984000000000000057e+02
1.989000000000000057e+02
1.994000000000000057e+02
1.999000000000000057e+02
2.004000000000000057e+02
2.009000000000000057e+02
2.014000000000000057e+02
2.019000000000000057e+02
2.024000000000000057e+02
2.029000000000000057e+02
2.034000000000000057e+02
2.039000000000000057e+02
2.044000000000000057e+02
2.049000000000000057e+02
2.054000000000000057e+02
2.059000000000000057e+02
2.064000000000000057e+02
2.069000000000000057e+02
2.074000000000000057e+02
2.079000000000000057e+02
2.084000000000000057e+02
2.089000000000000057e+02
2.094000000000000057e+02
2.099000000000000057e+02
2.104000000000000057e+02
2.109000000000000057e+02
2.114000000000000057e+02
2.119000000000000057e+02
2.124000000000000057e+02
2.129000000000000057e+02
2.134000000000000057e+02
2.139000000000000057e+02
2.144000000000000057e+02
2.149000000000000057e+02
2.154000000000000057e+02
2.159000000000000057e+02
2.164000000000000057e+02
2.169000000000000057e+02
2.174000000000000057e+02
2.179000000000000057e+02
2.184000000000000057e+02
2.189000000000000057e+02
2.194000000000000057e+02
2.199000000000000057e+02
2.204000000000000057e+02
2.209000000000000057e+02
2.214000000000000057e+02
2.219000000000000057e+02
2.224000000000000057e+02
2.229000000000000057e+02
2.234000000000000057e+02
2.239000000000000057e+02
2.244000000000000057e+02
2.249000000000000057e+02
2.254000000000000057e+02
2.259000000000000057e+02
2.264000000000000057e+02
2.269000000000000057e+02
2.274000000000000057e+02
2.279000000000000057e+02
2.284000000000000057e+02
2.289000000000000057e+02
2.294000000000000057e+02
2.299000000000000057e+02
2.304000000000000057e+02
2.309000000000000057e+02
2.314000000000000057e+02
2.319000000000000057e+02
2.324000000000000057e+02
2.329000000000000057e+02
2.334000000000000057e+02
2.339000000000000057e+02
2.344000000000000057e+02
2.349000000000000057e+02
2.354000000000000057e+02
2.359000000000000057e+02
2.364000000000000057e+02
2.369000000000000057e+02
2.374000000000000057e+02
2.379000000000000057e+02
2.384000000000000057e+02
2.389000000000000057e+02
2.394000000000000057e+02
2.399000000000000057e+02
2.404000000000000057e+02
2.409000000000000057e+02
2.414000000000000057e+02
2.419000000000000057e+02
2.424000000000000057e+02
2.429000000000000057e+02
2.434000000000000057e+02
2.439000000000000057e+02
2.444000000000000057e+02
2.449000000000000057e+02
2.454000000000000057e+02
2.459000000000000057e+02
2.464000000000000057e+02
2.469000000000000057e+02
2.474000000000000057e+02
2.479000000000000057e+02
2.484000000000000057e+02
2.489000000000000057e+02
2.494000000000000057e+02
2.499000000000000057e+02
2.504000000000000057e+02
2.509000000000000057e+02
2.514000000000000057e+02
2.519000000000000057e+02
2.524000000000000057e+02
2.529000000000000057e+02
2.534000000000000057e+02
2.539000000000000057e+02
2.544000000000000057e+02
2.549000000000000057e+02
2.554000000000000057e+02
2.559000000000000057e+02
2.563999999999999773e+02
2.568999999999999773e+02
2.573999999999999773e+02
2.578999999999999773e+02
2.583999999999999773e+02
2.588999999999999773e+02
2.593999999999999773e+02
2.598999999999999773e+02
2.603999999999999773e+02
2.608999999999999773e+02
2.613999999999999773e+02
2.618999999999999773e+02
2.623999999999999773e+02
2.628999999999999773e+02
2.633999999999999773e+02
2.638999999999999773e+02
2.643999999999999773e+02
2.648999999999999773e+02
2.653999999999999773e+02
2.658999999999999773e+02
2.663999999999999773e+02
2.668999999999999773e+02
2.673999999999999773e+02
2.678999999999999773e+02
2.683999999999999773e+02
2.688999999999999773e+02
2.693999999999999773e+02
2.698999999999999773e+02
2.703999999999999773e+02
2.708999999999999773e+02
2.713999999999999773e+02
2.718999999999999773e+02
2.723999999999999773e+02
2.728999999999999773e+02
2.733999999999999773e+02
2.738999999999999773e+02
2.743999999999999773e+02
2.748999999999999773e+02
2.753999999999999773e+02
2.758999999999999773e+02
2.763999999999999773e+02
2.768999999999999773e+02
2.773999999999999773e+02
2.778999999999999773e+02
2.783999999999999773e+02
2.788999999999999773e+02
2.793999999999999773e+02
2.798999999999999773e+02
2.803999999999999773e+02
2.808999999999999773e+02
2.813999999999999773e+02
2.818999999999999773e+02
2.823999999999999773e+02
2.828999999999999773e+02
2.833999999999999773e+02
2.838999999999999773e+02
2.843999999999999773e+02
2.848999999999999773e+02
2.853999999999999773e+02
2.858999999999999773e+02
2.863999999999999773e+02
2.868999999999999773e+02
2.873999999999999773e+02
2.878999999999999773e+02
2.883999999999999773e+02
2.888999999999999773e+02
2.893999999999999773e+02
2.898999999999999773e+02
2.903999999999999773e+02
2.908999999999999773e+02
2.913999999999999773e+02
2.918999999999999773e+02
2.923999999999999773e+02
2.928999999999999773e+02
2.933999999999999773e+02
2.938999999999999773e+02
2.943999999999999773e+02
2.948999999999999773e+02
2.953999999999999773e+02
2.958999999999999773e+02
2.963999999999999773e+02
2.968999999999999773e+02
2.973999999999999773e+02
2.978999999999999773e+02
2.983999999999999773e+02
2.988999999999999773e+02
2.993999999999999773e+02
2.998999999999999773e+02
3.003999999999999773e+02
3.008999999999999773e+02
3.013999999999999773e+02
3.018999999999999773e+02
3.023999999999999773e+02
3.028999999999999773e+02
3.033999999999999773e+02
3.038999999999999773e+02
3.043999999999999773e+02
3.048999999999999773e+02
3.053999999999999773e+02
3.058999999999999773e+02
3.063999999999999773e+02
3.068999999999999773e+02
3.073999999999999773e+02
3.078999999999999773e+02
3.083999999999999773e+02
3.088999999999999773e+02
3.093999999999999773e+02
3.098999999999999773e+02
3.103999999999999773e+02
3.108999999999999773e+02
3.113999999999999773e+02
3.118999999999999773e+02
3.123999999999999773e+02
3.128999999999999773e+02
3.133999999999999773e+02
3.138999999999999773e+02
3.143999999999999773e+02
3.148999999999999773e+02
3.153999999999999773e+02
3.158999999999999773e+02
3.163999999999999773e+02
3.168999999999999773e+02
3.173999999999999773e+02
3.178999999999999773e+02
3.183999999999999773e+02
3.188999999999999773e+02
3.193999999999999773e+02
3.198999999999999773e+02
3.203999999999999773e+02
3.208999999999999773e+02
3.213999999999999773e+02
3.218999999999999773e+02
3.223999999999999773e+02
3.228999999999999773e+02
3.233999999999999773e+02
3.238999999999999773e+02
3.243999999999999773e+02
3.248999999999999773e+02
3.253999999999999773e+02
3.258999999999999773e+02
3.263999999999999773e+02
3.268999999999999773e+02
3.273999999999999773e+02
3.278999999999999773e+02
3.283999999999999773e+02
3.288999999999999773e+02
3.293999999999999773e+02
3.298999999999999773e+02
3.303999999999999773e+02
3.308999999999999773e+02
3.313999999999999773e+02
3.318999999999999773e+02
3.323999999999999773e+02
3.328999999999999773e+02
3.333999999999999773e+02
3.338999999999999773e+02
3.343999999999999773e+02
3.348999999999999773e+02
3.353999999999999773e+02
3.358999999999999773e+02
3.363999999999999773e+02
3.368999999999999773e+02
3.373999999999999773e+02
3.378999999999999773e+02
3.383999999999999773e+02
3.388999999999999773e+02
3.393999999999999773e+02
3.398999999999999773e+02
3.403999999999999773e+02
3.408999999999999773e+02
3.413999999999999773e+02
3.418999999999999773e+02
3.423999999999999773e+02
3.428999999999999773e+02
3.433999999999999773e+02
3.438999999999999773e+02
3.443999999999999773e+02
3.448999999999999773e+02
3.453999999999999773e+02
3.458999999999999773e+02
3.463999999999999773e+02
3.468999999999999773e+02
3.473999999999999773e+02
3.478999999999999773e+02
3.483999999999999773e+02
3.488999999999999773e+02
3.493999999999999773e+02
3.498999999999999773e+02
3.503999999999999773e+02
3.508999999999999773e+02
3.513999999999999773e+02
3.518999999999999773e+02
3.523999999999999773e+02
3.528999999999999773e+02
3.533999999999999773e+02
3.538999999999999773e+02
3.543999999999999773e+02
3.548999999999999773e+02
3.553999999999999773e+02
3.558999999999999773e+02
3.563999999999999773e+02
3.568999999999999773e+02
3.573999999999999773e+02
3.578999999999999773e+02
3.583999999999999773e+02
3.588999999999999773e+02
3.593999999999999773e+02
3.598999999999999773e+02
3.603999999999999773e+02
3.608999999999999773e+02
3.613999999999999773e+02
3.618999999999999773e+02
3.623999999999999773e+02
3.628999999999999773e+02
3.633999999999999773e+02
3.638999999999999773e+02
3.643999999999999773e+02
3.648999999999999773e+02
3.653999999999999773e+02
3.658999999999999773e+02
3.663999999999999773e+02
3.668999999999999773e+02
3.673999999999999773e+02
3.678999999999999773e+02
3.683999999999999773e+02
3.688999999999999773e+02
3.693999999999999773e+02
3.698999999999999773e+02
3.703999999999999773e+02
3.708999999999999773e+02
3.713999999999999773e+02
3.718999999999999773e+02
3.723999999999999773e+02
3.728999999999999773e+02
3.733999999999999773e+02
3.738999999999999773e+02
3.743999999999999773e+02
3.748999999999999773e+02
3.753999999999999773e+02
3.758999999999999773e+02
3.763999999999999773e+02
3.768999999999999773e+02
3.773999999999999773e+02
3.778999999999999773e+02
3.783999999999999773e+02
3.788999999999999773e+02
3.793999999999999773e+02
3.798999999999999773e+02
3.803999999999999773e+02
3.808999999999999773e+02
3.813999999999999773e+02
3.818999999999999773e+02
3.823999999999999773e+02
3.828999999999999773e+02
3.833999999999999773e+02
3.838999999999999773e+02
3.843999999999999773e+02
3.848999999999999773e+02
3.853999999999999773e+02
3.858999999999999773e+02
3.863999999999999773e+02
3.868999999999999773e+02
3.873999999999999773e+02
3.878999999999999773e+02
3.883999999999999773e+02
3.888999999999999773e+02
3.893999999999999773e+02
3.898999999999999773e+02
3.903999999999999773e+02
3.908999999999999773e+02
3.913999999999999773e+02
3.918999999999999773e+02
3.923999999999999773e+02
3.928999999999999773e+02
3.933999999999999773e+02
3.938999999999999773e+02
3.943999999999999773e+02
3.948999999999999773e+02
3.953999999999999773e+02
3.958999999999999773e+02
3.963999999999999773e+02
3.968999999999999773e+02
3.973999999999999773e+02
3.978999999999999773e+02
3.983999999999999773e+02
3.988999999999999773e+02
3.993999999999999773e+02
3.998999999999999773e+02
4.003999999999999773e+02
4.008999999999999773e+02
4.013999999999999773e+02
4.018999999999999773e+02
4.023999999999999773e+02
4.028999999999999773e+02
4.033999999999999773e+02
4.038999999999999773e+02
4.043999999999999773e+02
4.048999999999999773e+02
4.053999999999999773e+02
4.058999999999999773e+02
4.063999999999999773e+02
4.068999999999999773e+02
4.073999999999999773e+02
4.078999999999999773e+02
4.083999999999999773e+02
4.088999999999999773e+02
4.093999999999999773e+02
4.098999999999999773e+02
4.103999999999999773e+02
4.108999999999999773e+02
4.113999999999999773e+02
4.118999999999999773e+02
4.123999999999999773e+02
4.128999999999999773e+02
4.133999999999999773e+02
4.138999999999999773e+02
4.143999999999999773e+02
4.148999999999999773e+02
4.153999999999999773e+02
4.158999999999999773e+02
4.163999999999999773e+02
4.168999999999999773e+02
4.173999999999999773e+02
4.178999999999999773e+02
4.183999999999999773e+02
4.188999999999999773e+02
4.193999999999999773e+02
4.198999999999999773e+02
4.203999999999999773e+02
4.208999999999999773e+02
4.213999999999999773e+02
4.218999999999999773e+02
4.223999999999999773e+02
4.228999999999999773e+02
4.233999999999999773e+02
4.238999999999999773e+02
4.243999999999999773e+02
4.248999999999999773e+02
4.253999999999999773e+02
4.258999999999999773e+02
4.263999999999999773e+02
4.268999999999999773e+02
4.273999999999999773e+02
4.278999999999999773e+02
4.283999999999999773e+02
4.288999999999999773e+02
4.293999999999999773e+02
4.298999999999999773e+02
4.303999999999999773e+02
4.308999999999999773e+02
4.313999999999999773e+02
4.318999999999999773e+02
4.323999999999999773e+02
4.328999999999999773e+02
4.333999999999999773e+02
4.338999999999999773e+02
4.343999999999999773e+02
4.348999999999999773e+02
4.353999999999999773e+02
4.358999999999999773e+02
4.363999999999999773e+02
4.368999999999999773e+02
4.373999999999999773e+02
4.378999999999999773e+02
4.383999999999999773e+02
4.388999999999999773e+02
4.393999999999999773e+02
4.398999999999999773e+02
4.403999999999999773e+02
4.408999999999999773e+02
4.413999999999999773e+02
4.418999999999999773e+02
4.423999999999999773e+02
4.428999999999999773e+02
4.433999999999999773e+02
4.438999999999999773e+02
4.443999999999999773e+02
4.448999999999999773e+02
4.453999999999999773e+02
4.458999999999999773e+02
4.463999999999999773e+02
4.468999999999999773e+02
4.473999999999999773e+02
4.478999999999999773e+02
4.483999999999999773e+02
4.488999999999999773e+02
4.493999999999999773e+02
4.498999999999999773e+02
4.503999999999999773e+02
4.508999999999999773e+02
4.513999999999999773e+02
4.518999999999999773e+02
4.523999999999999773e+02
4.528999999999999773e+02
4.533999999999999773e+02
4.538999999999999773e+02
4.543999999999999773e+02
4.548999999999999773e+02
4.553999999999999773e+02
4.558999999999999773e+02
4.563999999999999773e+02
4.568999999999999773e+02
4.573999999999999773e+02
4.578999999999999773e+02
4.583999999999999773e+02
4.588999999999999773e+02
4.593999999999999773e+02
4.598999999999999773e+02
4.603999999999999773e+02
4.608999999999999773e+02
4.613999999999999773e+02
4.618999999999999773e+02
4.623999999999999773e+02
4.628999999999999773e+02
4.633999999999999773e+02
4.638999999999999773e+02
4.643999999999999773e+02
4.648999999999999773e+02
4.653999999999999773e+02
4.658999999999999773e+02
4.663999999999999773e+02
4.668999999999999773e+02
4.673999999999999773e+02
4.678999999999999773e+02
4.683999999999999773e+02
4.688999999999999773e+02
4.693999999999999773e+02
4.698999999999999773e+02
4.703999999999999773e+02
4.708999999999999773e+02
4.713999999999999773e+02
4.718999999999999773e+02
4.723999999999999773e+02
4.728999999999999773e+02
4.733999999999999773e+02
4.738999999999999773e+02
4.743999999999999773e+02
4.748999999999999773e+02
4.753999999999999773e+02
4.758999999999999773e+02
4.763999999999999773e+02
4.768999999999999773e+02
4.773999999999999773e+02
4.778999999999999773e+02
4.783999999999999773e+02
4.788999999999999773e+02
4.793999999999999773e+02
4.798999999999999773e+02
4.803999999999999773e+02
4.808999999999999773e+02
4.813999999999999773e+02
4.818999999999999773e+02
4.823999999999999773e+02
4.828999999999999773e+02
4.833999999999999773e+02
4.838999999999999773e+02
4.843999999999999773e+02
4.848999999999999773e+02
4.853999999999999773e+02
4.858999999999999773e+02
4.863999999999999773e+02
4.868999999999999773e+02
4.873999999999999773e+02
4.878999999999999773e+02
4.883999999999999773e+02
4.888999999999999773e+02
4.893999999999999773e+02
4.898999999999999773e+02
4.903999999999999773e+02
4.908999999999999773e+02
4.913999999999999773e+02
4.918999999999999773e+02
4.923999999999999773e+02
4.928999999999999773e+02
4.933999999999999773e+02
4.938999999999999773e+02
4.943999999999999773e+02
4.948999999999999773e+02
4.953999999999999773e+02
4.958999999999999773e+02
4.963999999999999773e+02
4.968999999999999773e+02
4.973999999999999773e+02
4.978999999999999773e+02
4.983999999999999773e+02
4.988999999999999773e+02
4.993999999999999773e+02
4.998999999999999773e+02
5.003999999999999773e+02
5.008999999999999773e+02
5.013999999999999773e+02
5.018999999999999773e+02
5.023999999999999773e+02
5.028999999999999773e+02
5.033999999999999773e+02
5.038999999999999773e+02
5.043999999999999773e+02
5.048999999999999773e+02
5.053999999999999773e+02
5.058999999999999773e+02
5.063999999999999773e+02
5.068999999999999773e+02
5.073999999999999773e+02
5.078999999999999773e+02
5.083999999999999773e+02
5.088999999999999773e+02
5.093999999999999773e+02
5.098999999999999773e+02
5.103999999999999773e+02
5.108999999999999773e+02
5.113999999999999773e+02
5.118999999999999773e+02
5.123999999999999773e+02
5.128999999999999773e+02
5.133999999999999773e+02
5.138999999999999773e+02
5.143999999999999773e+02
5.148999999999999773e+02
5.153999999999999773e+02
5.158999999999999773e+02
5.163999999999999773e+02
5.168999999999999773e+02
5.173999999999999773e+02
5.178999999999999773e+02
5.183999999999999773e+02
5.188999999999999773e+02
5.193999999999999773e+02
5.198999999999999773e+02
5.203999999999999773e+02
5.208999999999999773e+02
5.213999999999999773e+02
5.218999999999999773e+02
5.223999999999999773e+02
5.228999999999999773e+02
5.233999999999999773e+02
5.238999999999999773e+02
5.243999999999999773e+02
5.248999999999999773e+02
5.253999999999999773e+02
5.258999999999999773e+02
5.263999999999999773e+02
5.268999999999999773e+02
5.273999999999999773e+02
5.278999999999999773e+02
5.283999999999999773e+02
5.288999999999999773e+02
5.293999999999999773e+02
5.298999999999999773e+02
5.303999999999999773e+02
5.308999999999999773e+02
5.313999999999999773e+02
5.318999999999999773e+02
5.323999999999999773e+02
5.328999999999999773e+02
5.333999999999999773e+02
5.338999999999999773e+02
5.343999999999999773e+02
5.348999999999999773e+02
5.353999999999999773e+02
5.358999999999999773e+02
5.363999999999999773e+02
5.368999999999999773e+02
5.373999999999999773e+02
5.378999999999999773e+02
5.383999999999999773e+02
5.388999999999999773e+02
5.393999999999999773e+02
5.398999999999999773e+02
5.403999999999999773e+02
5.408999999999999773e+02
5.413999999999999773e+02
5.418999999999999773e+02
5.423999999999999773e+02
5.428999999999999773e+02
5.433999999999999773e+02
5.438999999999999773e+02
5.443999999999999773e+02
5.448999999999999773e+02
5.453999999999999773e+02
5.458999999999999773e+02
5.463999999999999773e+02
5.468999999999999773e+02
5.473999999999999773e+02
5.478999999999999773e+02
5.483999999999999773e+02
5.488999999999999773e+02
5.493999999999999773e+02
5.498999999999999773e+02
5.503999999999999773e+02
5.508999999999999773e+02
5.513999999999999773e+02
5.518999999999999773e+02
5.523999999999999773e+02
5.528999999999999773e+02
5.533999999999999773e+02
5.538999999999999773e+02
5.543999999999999773e+02
5.548999999999999773e+02
5.553999999999999773e+02
5.558999999999999773e+02
5.563999999999999773e+02
5.568999999999999773e+02
5.573999999999999773e+02
5.578999999999999773e+02
5.583999999999999773e+02
5.588999999999999773e+02
5.593999999999999773e+02
5.598999999999999773e+02
5.603999999999999773e+02
5.608999999999999773e+02
5.613999999999999773e+02
5.618999999999999773e+02
5.623999999999999773e+02
5.628999999999999773e+02
5.633999999999999773e+02
5.638999999999999773e+02
5.643999999999999773e+02
5.648999999999999773e+02
5.653999999999999773e+02
5.658999999999999773e+02
5.663999999999999773e+02
5.668999999999999773e+02
5.673999999999999773e+02
5.678999999999999773e+02
5.683999999999999773e+02
5.688999999999999773e+02
5.693999999999999773e+02
5.698999999999999773e+02
5.703999999999999773e+02
5.708999999999999773e+02
5.713999999999999773e+02
5.718999999999999773e+02
5.723999999999999773e+02
5.728999999999999773e+02
5.733999999999999773e+02
5.738999999999999773e+02
5.743999999999999773e+02
5.748999999999999773e+02
5.753999999999999773e+02
5.758999999999999773e+02
5.763999999999999773e+02
5.768999999999999773e+02
5.773999999999999773e+02
5.778999999999999773e+02
5.783999999999999773e+02
5.788999999999999773e+02
5.793999999999999773e+02
5.798999999999999773e+02
5.803999999999999773e+02
5.808999999999999773e+02
5.813999999999999773e+02
5.818999999999999773e+02
5.823999999999999773e+02
5.828999999999999773e+02
5.833999999999999773e+02
5.838999999999999773e+02
5.843999999999999773e+02
5.848999999999999773e+02
5.853999999999999773e+02
5.858999999999999773e+02
5.863999999999999773e+02
5.868999999999999773e+02
5.873999999999999773e+02
5.878999999999999773e+02
5.883999999999999773e+02
5.888999999999999773e+02
5.893999999999999773e+02
5.898999999999999773e+02
5.903999999999999773e+02
5.908999999999999773e+02
5.913999999999999773e+02
5.918999999999999773e+02
5.923999999999999773e+02
5.928999999999999773e+02
5.933999999999999773e+02
5.938999999999999773e+02
5.943999999999999773e+02
5.948999999999999773e+02
5.953999999999999773e+02
5.958999999999999773e+02
5.963999999999999773e+02
5.968999999999999773e+02
5.973999999999999773e+02
5.978999999999999773e+02
5.983999999999999773e+02
5.988999999999999773e+02
5.993999999999999773e+02
5.998999999999999773e+02
6.003999999999999773e+02
6.008999999999999773e+02
6.013999999999999773e+02
6.018999999999999773e+02
6.023999999999999773e+02
6.028999999999999773e+02
6.033999999999999773e+02
6.038999999999999773e+02
6.043999999999999773e+02
6.048999999999999773e+02
6.053999999999999773e+02
6.058999999999999773e+02
6.063999999999999773e+02
6.068999999999999773e+02
6.073999999999999773e+02
6.078999999999999773e+02
6.083999999999999773e+02
6.088999999999999773e+02
6.093999999999999773e+02
6.098999999999999773e+02
6.103999999999999773e+02
6.108999999999999773e+02
6.113999999999999773e+02
6.118999999999999773e+02
6.123999999999999773e+02
6.128999999999999773e+02
6.133999999999999773e+02
6.138999999999999773e+02
6.143999999999999773e+02
6.148999999999999773e+02
6.153999999999999773e+02
6.158999999999999773e+02
6.163999999999999773e+02
6.168999999999999773e+02
6.173999999999999773e+02
6.178999999999999773e+02
6.183999999999999773e+02
6.188999999999999773e+02
6.193999999999999773e+02
6.198999999999999773e+02
6.203999999999999773e+02
6.208999999999999773e+02
6.213999999999999773e+02
6.218999999999999773e+02
6.223999999999999773e+02
6.228999999999999773e+02
6.233999999999999773e+02
6.238999999999999773e+02
6.243999999999999773e+02
6.248999999999999773e+02
6.253999999999999773e+02
6.258999999999999773e+02
6.263999999999999773e+02
6.268999999999999773e+02
6.273999999999999773e+02
6.278999999999999773e+02
6.283999999999999773e+02
6.288999999999999773e+02
6.293999999999999773e+02
6.298999999999999773e+02
6.303999999999999773e+02
6.308999999999999773e+02
6.313999999999999773e+02
6.318999999999999773e+02
6.323999999999999773e+02
6.328999999999999773e+02
6.333999999999999773e+02
6.338999999999999773e+02
6.343999999999999773e+02
6.348999999999999773e+02
6.353999999999999773e+02
6.358999999999999773e+02
6.363999999999999773e+02
6.368999999999999773e+02
6.373999999999999773e+02
6.378999999999999773e+02
6.383999999999999773e+02
6.388999999999999773e+02
6.393999999999999773e+02
6.398999999999999773e+02
6.403999999999999773e+02
6.408999999999999773e+02
6.413999999999999773e+02
6.418999999999999773e+02
6.423999999999999773e+02
6.428999999999999773e+02
6.433999999999999773e+02
6.438999999999999773e+02
6.443999999999999773e+02
6.448999999999999773e+02
6.453999999999999773e+02
6.458999999999999773e+02
6.463999999999999773e+02
6.468999999999999773e+02
6.473999999999999773e+02
6.478999999999999773e+02
6.483999999999999773e+02
6.488999999999999773e+02
6.493999999999999773e+02
6.498999999999999773e+02
6.503999999999999773e+02
6.508999999999999773e+02
6.513999999999999773e+02
6.518999999999999773e+02
6.523999999999999773e+02
6.528999999999999773e+02
6.533999999999999773e+02
6.538999999999999773e+02
6.543999999999999773e+02
6.548999999999999773e+02
6.553999999999999773e+02
6.558999999999999773e+02
6.563999999999999773e+02
6.568999999999999773e+02
6.573999999999999773e+02
6.578999999999999773e+02
6.583999999999999773e+02
6.588999999999999773e+02
6.593999999999999773e+02
6.598999999999999773e+02
6.603999999999999773e+02
6.608999999999999773e+02
6.613999999999999773e+02
6.618999999999999773e+02
6.623999999999999773e+02
6.628999999999999773e+02
6.633999999999999773e+02
6.638999999999999773e+02
6.643999999999999773e+02
6.648999999999999773e+02
6.653999999999999773e+02
6.658999999999999773e+02
6.663999999999999773e+02
6.668999999999999773e+02
6.673999999999999773e+02
6.678999999999999773e+02
6.683999999999999773e+02
6.688999999999999773e+02
6.693999999999999773e+02
6.698999999999999773e+02
6.703999999999999773e+02
6.708999999999999773e+02
6.713999999999999773e+02
6.718999999999999773e+02
6.723999999999999773e+02
6.728999999999999773e+02
6.733999999999999773e+02
6.738999999999999773e+02
6.743999999999999773e+02
6.748999999999999773e+02
6.753999999999999773e+02
6.758999999999999773e+02
6.763999999999999773e+02
6.768999999999999773e+02
6.773999999999999773e+02
6.778999999999999773e+02
6.783999999999999773e+02
6.788999999999999773e+02
6.793999999999999773e+02
6.798999999999999773e+02
6.803999999999999773e+02
6.808999999999999773e+02
6.813999999999999773e+02
6.818999999999999773e+02
6.823999999999999773e+02
6.828999999999999773e+02
6.833999999999999773e+02
6.838999999999999773e+02
6.843999999999999773e+02
6.848999999999999773e+02
6.853999999999999773e+02
6.858999999999999773e+02
6.863999999999999773e+02
6.868999999999999773e+02
6.873999999999999773e+02
6.878999999999999773e+02
6.883999999999999773e+02
6.888999999999999773e+02
6.893999999999999773e+02
6.898999999999999773e+02
6.903999999999999773e+02
6.908999999999999773e+02
6.913999999999999773e+02
6.918999999999999773e+02
6.923999999999999773e+02
6.928999999999999773e+02
6.933999999999999773e+02
6.938999999999999773e+02
6.943999999999999773e+02
6.948999999999999773e+02
6.953999999999999773e+02
6.958999999999999773e+02
6.963999999999999773e+02
6.968999999999999773e+02
6.973999999999999773e+02
6.978999999999999773e+02
6.983999999999999773e+02
6.988999999999999773e+02
6.993999999999999773e+02
6.998999999999999773e+02
7.003999999999999773e+02
7.008999999999999773e+02
7.013999999999999773e+02
7.018999999999999773e+02
7.023999999999999773e+02
7.028999999999999773e+02
7.033999999999999773e+02
7.038999999999999773e+02
7.043999999999999773e+02
7.048999999999999773e+02
7.053999999999999773e+02
7.058999999999999773e+02
7.063999999999999773e+02
7.068999999999999773e+02
7.073999999999999773e+02
7.078999999999999773e+02
7.083999999999999773e+02
7.088999999999999773e+02
7.093999999999999773e+02
7.098999999999999773e+02
7.103999999999999773e+02
7.108999999999999773e+02
7.113999999999999773e+02
7.118999999999999773e+02
7.123999999999999773e+02
7.128999999999999773e+02
7.133999999999999773e+02
7.138999999999999773e+02
7.143999999999999773e+02
7.148999999999999773e+02
7.153999999999999773e+02
7.158999999999999773e+02
7.163999999999999773e+02
7.168999999999999773e+02
7.173999999999999773e+02
7.178999999999999773e+02
7.183999999999999773e+02
7.188999999999999773e+02
7.193999999999999773e+02
7.198999999999999773e+02
7.203999999999999773e+02
7.208999999999999773e+02
7.213999999999999773e+02
7.218999999999999773e+02
7.223999999999999773e+02
7.228999999999999773e+02
7.233999999999999773e+02
7.238999999999999773e+02
7.243999999999999773e+02
7.248999999999999773e+02
7.253999999999999773e+02
7.258999999999999773e+02
7.263999999999999773e+02
7.268999999999999773e+02
7.273999999999999773e+02
7.278999999999999773e+02
7.283999999999999773e+02
7.288999999999999773e+02
7.293999999999999773e+02
7.298999999999999773e+02
7.303999999999999773e+02
7.308999999999999773e+02
7.313999999999999773e+02
7.318999999999999773e+02
7.323999999999999773e+02
7.328999999999999773e+02
7.333999999999999773e+02
7.338999999999999773e+02
7.343999999999999773e+02
7.348999999999999773e+02
7.353999999999999773e+02
7.358999999999999773e+02
7.363999999999999773e+02
7.368999999999999773e+02
7.373999999999999773e+02
7.378999999999999773e+02
7.383999999999999773e+02
7.388999999999999773e+02
7.393999999999999773e+02
7.398999999999999773e+02
7.403999999999999773e+02
7.408999999999999773e+02
7.413999999999999773e+02
7.418999999999999773e+02
7.423999999999999773e+02
7.428999999999999773e+02
7.433999999999999773e+02
7.438999999999999773e+02
7.443999999999999773e+02
7.448999999999999773e+02
7.453999999999999773e+02
7.458999999999999773e+02
7.463999999999999773e+02
7.468999999999999773e+02
7.473999999999999773e+02
7.478999999999999773e+02
7.483999999999999773e+02
7.488999999999999773e+02
7.493999999999999773e+02
7.498999999999999773e+02
7.503999999999999773e+02
7.508999999999999773e+02
7.513999999999999773e+02
7.518999999999999773e+02
7.523999999999999773e+02
7.528999999999999773e+02
7.533999999999999773e+02
7.538999999999999773e+02
7.543999999999999773e+02
7.548999999999999773e+02
7.553999999999999773e+02
7.558999999999999773e+02
7.563999999999999773e+02
7.568999999999999773e+02
7.573999999999999773e+02
7.578999999999999773e+02
7.583999999999999773e+02
7.588999999999999773e+02
7.593999999999999773e+02
7.598999999999999773e+02
7.603999999999999773e+02
7.608999999999999773e+02
7.613999999999999773e+02
7.618999999999999773e+02
7.623999999999999773e+02
7.628999999999999773e+02
7.633999999999999773e+02
7.638999999999999773e+02
7.643999999999999773e+02
7.648999999999999773e+02
7.653999999999999773e+02
7.658999999999999773e+02
7.663999999999999773e+02
7.668999999999999773e+02
7.673999999999999773e+02
7.678999999999999773e+02
7.683999999999999773e+02
7.688999999999999773e+02
7.693999999999999773e+02
7.698999999999999773e+02
7.703999999999999773e+02
7.708999999999999773e+02
7.713999999999999773e+02
7.718999999999999773e+02
7.723999999999999773e+02
7.728999999999999773e+02
7.733999999999999773e+02
7.738999999999999773e+02
7.743999999999999773e+02
7.748999999999999773e+02
7.753999999999999773e+02
7.758999999999999773e+02
7.763999999999999773e+02
7.768999999999999773e+02
7.773999999999999773e+02
7.778999999999999773e+02
7.783999999999999773e+02
7.788999999999999773e+02
7.793999999999999773e+02
7.798999999999999773e+02
7.803999999999999773e+02
7.808999999999999773e+02
7.813999999999999773e+02
7.818999999999999773e+02
7.823999999999999773e+02
7.828999999999999773e+02
7.833999999999999773e+02
7.838999999999999773e+02
7.843999999999999773e+02
7.848999999999999773e+02
7.853999999999999773e+02
7.858999999999999773e+02
7.863999999999999773e+02
7.868999999999999773e+02
7.873999999999999773e+02
7.878999999999999773e+02
7.883999999999999773e+02
7.888999999999999773e+02
7.893999999999999773e+02
7.898999999999999773e+02
7.903999999999999773e+02
7.908999999999999773e+02
7.913999999999999773e+02
7.918999999999999773e+02
7.923999999999999773e+02
7.928999999999999773e+02
7.933999999999999773e+02
7.938999999999999773e+02
7.943999999999999773e+02
7.948999999999999773e+02
7.953999999999999773e+02
7.958999999999999773e+02
7.963999999999999773e+02
7.968999999999999773e+02
7.973999999999999773e+02
7.978999999999999773e+02
7.983999999999999773e+02
7.988999999999999773e+02
7.993999999999999773e+02
7.998999999999999773e+02
8.003999999999999773e+02
8.008999999999999773e+02
8.013999999999999773e+02
8.018999999999999773e+02
8.023999999999999773e+02
8.028999999999999773e+02
8.033999999999999773e+02
8.038999999999999773e+02
8.043999999999999773e+02
8.048999999999999773e+02
8.053999999999999773e+02
8.058999999999999773e+02
8.063999999999999773e+02
8.068999999999999773e+02
8.073999999999999773e+02
8.078999999999999773e+02
8.083999999999999773e+02
8.088999999999999773e+02
8.093999999999999773e+02
8.098999999999999773e+02
8.103999999999999773e+02
8.108999999999999773e+02
8.113999999999999773e+02
8.118999999999999773e+02
8.123999999999999773e+02
8.128999999999999773e+02
8.133999999999999773e+02
8.138999999999999773e+02
8.143999999999999773e+02
8.148999999999999773e+02
8.153999999999999773e+02
8.158999999999999773e+02
8.163999999999999773e+02
8.168999999999999773e+02
8.173999999999999773e+02
8.178999999999999773e+02
8.183999999999999773e+02
8.188999999999999773e+02
8.193999999999999773e+02
8.198999999999999773e+02
8.203999999999999773e+02
8.208999999999999773e+02
8.213999999999999773e+02
8.218999999999999773e+02
8.223999999999999773e+02
8.228999999999999773e+02
8.233999999999999773e+02
8.238999999999999773e+02
8.243999999999999773e+02
8.248999999999999773e+02
8.253999999999999773e+02
8.258999999999999773e+02
8.263999999999999773e+02
8.268999999999999773e+02
8.273999999999999773e+02
8.278999999999999773e+02
8.283999999999999773e+02
8.288999999999999773e+02
8.293999999999999773e+02
8.298999999999999773e+02
8.303999999999999773e+02
8.308999999999999773e+02
8.313999999999999773e+02
8.318999999999999773e+02
8.323999999999999773e+02
8.328999999999999773e+02
8.333999999999999773e+02
8.338999999999999773e+02
8.343999999999999773e+02
8.348999999999999773e+02
8.353999999999999773e+02
8.358999999999999773e+02
8.363999999999999773e+02
8.368999999999999773e+02
8.373999999999999773e+02
8.378999999999999773e+02
8.383999999999999773e+02
8.388999999999999773e+02
8.393999999999999773e+02
8.398999999999999773e+02
8.403999999999999773e+02
8.408999999999999773e+02
8.413999999999999773e+02
8.418999999999999773e+02
8.423999999999999773e+02
8.428999999999999773e+02
8.433999999999999773e+02
8.438999999999999773e+02
8.443999999999999773e+02
8.448999999999999773e+02
8.453999999999999773e+02
8.458999999999999773e+02
8.463999999999999773e+02
8.468999999999999773e+02
8.473999999999999773e+02
8.478999999999999773e+02
8.483999999999999773e+02
8.488999999999999773e+02
8.493999999999999773e+02
8.498999999999999773e+02
8.503999999999999773e+02
8.508999999999999773e+02
8.513999999999999773e+02
8.518999999999999773e+02
8.523999999999999773e+02
8.528999999999999773e+02
8.533999999999999773e+02
8.538999999999999773e+02
8.543999999999999773e+02
8.548999999999999773e+02
8.553999999999999773e+02
8.558999999999999773e+02
8.563999999999999773e+02
8.568999999999999773e+02
8.573999999999999773e+02
8.578999999999999773e+02
8.583999999999999773e+02
8.588999999999999773e+02
8.593999999999999773e+02
8.598999999999999773e+02
8.603999999999999773e+02
8.608999999999999773e+02
8.613999999999999773e+02
8.618999999999999773e+02
8.623999999999999773e+02
8.628999999999999773e+02
8.633999999999999773e+02
8.638999999999999773e+02
8.643999999999999773e+02
8.648999999999999773e+02
8.653999999999999773e+02
8.658999999999999773e+02
8.663999999999999773e+02
8.668999999999999773e+02
8.673999999999999773e+02
8.678999999999999773e+02
8.683999999999999773e+02
8.688999999999999773e+02
8.693999999999999773e+02
8.698999999999999773e+02
8.703999999999999773e+02
8.708999999999999773e+02
8.713999999999999773e+02
8.718999999999999773e+02
8.723999999999999773e+02
8.728999999999999773e+02
8.733999999999999773e+02
8.738999999999999773e+02
8.743999999999999773e+02
8.748999999999999773e+02
8.753999999999999773e+02
8.758999999999999773e+02
8.763999999999999773e+02
8.768999999999999773e+02
8.773999999999999773e+02
8.778999999999999773e+02
8.783999999999999773e+02
8.788999999999999773e+02
8.793999999999999773e+02
8.798999999999999773e+02
8.803999999999999773e+02
8.808999999999999773e+02
8.813999999999999773e+02
8.818999999999999773e+02
8.823999999999999773e+02
8.828999999999999773e+02
8.833999999999999773e+02
8.838999999999999773e+02
8.843999999999999773e+02
8.848999999999999773e+02
8.853999999999999773e+02
8.858999999999999773e+02
8.863999999999999773e+02
8.868999999999999773e+02
8.873999999999999773e+02
8.878999999999999773e+02
8.883999999999999773e+02
8.888999999999999773e+02
8.893999999999999773e+02
8.898999999999999773e+02
8.903999999999999773e+02
8.908999999999999773e+02
8.913999999999999773e+02
8.918999999999999773e+02
8.923999999999999773e+02
8.928999999999999773e+02
8.933999999999999773e+02
8.938999999999999773e+02
8.943999999999999773e+02
8.948999999999999773e+02
8.953999999999999773e+02
8.958999999999999773e+02
8.963999999999999773e+02
8.968999999999999773e+02
8.973999999999999773e+02
8.978999999999999773e+02
8.983999999999999773e+02
8.988999999999999773e+02
8.993999999999999773e+02
8.998999999999999773e+02
9.003999999999999773e+02
9.008999999999999773e+02
9.013999999999999773e+02
9.018999999999999773e+02
9.023999999999999773e+02
9.028999999999999773e+02
9.033999999999999773e+02
9.038999999999999773e+02
9.043999999999999773e+02
9.048999999999999773e+02
9.053999999999999773e+02
9.058999999999999773e+02
9.063999999999999773e+02
9.068999999999999773e+02
9.073999999999999773e+02
9.078999999999999773e+02
9.083999999999999773e+02
9.088999999999999773e+02
9.093999999999999773e+02
9.098999999999999773e+02
9.103999999999999773e+02
9.108999999999999773e+02
9.113999999999999773e+02
9.118999999999999773e+02
9.123999999999999773e+02
9.128999999999999773e+02
9.133999999999999773e+02
9.138999999999999773e+02
9.143999999999999773e+02
9.148999999999999773e+02
9.153999999999999773e+02
9.158999999999999773e+02
9.163999999999999773e+02
9.168999999999999773e+02
9.173999999999999773e+02
9.178999999999999773e+02
9.183999999999999773e+02
9.188999999999999773e+02
9.193999999999999773e+02
9.198999999999999773e+02
9.203999999999999773e+02
9.208999999999999773e+02
9.213999999999999773e+02
9.218999999999999773e+02
9.223999999999999773e+02
9.228999999999999773e+02
9.233999999999999773e+02
9.238999999999999773e+02
9.243999999999999773e+02
9.248999999999999773e+02
9.253999999999999773e+02
9.258999999999999773e+02
9.263999999999999773e+02
9.268999999999999773e+02
9.273999999999999773e+02
9.278999999999999773e+02
9.283999999999999773e+02
9.288999999999999773e+02
9.293999999999999773e+02
9.298999999999999773e+02
9.303999999999999773e+02
9.308999999999999773e+02
9.313999999999999773e+02
9.318999999999999773e+02
9.323999999999999773e+02
9.328999999999999773e+02
9.333999999999999773e+02
9.338999999999999773e+02
9.343999999999999773e+02
9.348999999999999773e+02
9.353999999999999773e+02
9.358999999999999773e+02
9.363999999999999773e+02
9.368999999999999773e+02
9.373999999999999773e+02
9.378999999999999773e+02
9.383999999999999773e+02
9.388999999999999773e+02
9.393999999999999773e+02
9.398999999999999773e+02
9.403999999999999773e+02
9.408999999999999773e+02
9.413999999999999773e+02
9.418999999999999773e+02
9.423999999999999773e+02
9.428999999999999773e+02
9.433999999999999773e+02
9.438999999999999773e+02
9.443999999999999773e+02
9.448999999999999773e+02
9.453999999999999773e+02
9.458999999999999773e+02
9.463999999999999773e+02
9.468999999999999773e+02
9.473999999999999773e+02
9.478999999999999773e+02
9.483999999999999773e+02
9.488999999999999773e+02
9.493999999999999773e+02
9.498999999999999773e+02
9.503999999999999773e+02
9.508999999999999773e+02
9.513999999999999773e+02
9.518999999999999773e+02
9.523999999999999773e+02
9.528999999999999773e+02
9.533999999999999773e+02
9.538999999999999773e+02
9.543999999999999773e+02
9.548999999999999773e+02
9.553999999999999773e+02
9.558999999999999773e+02
9.563999999999999773e+02
9.568999999999999773e+02
9.573999999999999773e+02
9.578999999999999773e+02
9.583999999999999773e+02
9.588999999999999773e+02
9.593999999999999773e+02
9.598999999999999773e+02
9.603999999999999773e+02
9.608999999999999773e+02
9.613999999999999773e+02
9.618999999999999773e+02
9.623999999999999773e+02
9.628999999999999773e+02
9.633999999999999773e+02
9.638999999999999773e+02
9.643999999999999773e+02
9.648999999999999773e+02
9.653999999999999773e+02
9.658999999999999773e+02
9.663999999999999773e+02
9.668999999999999773e+02
9.673999999999999773e+02
9.678999999999999773e+02
9.683999999999999773e+02
9.688999999999999773e+02
9.693999999999999773e+02
9.698999999999999773e+02
9.703999999999999773e+02
9.708999999999999773e+02
9.713999999999999773e+02
9.718999999999999773e+02
9.723999999999999773e+02
9.728999999999999773e+02
9.733999999999999773e+02
9.738999999999999773e+02
9.743999999999999773e+02
9.748999999999999773e+02
9.753999999999999773e+02
9.758999999999999773e+02
9.763999999999999773e+02
9.768999999999999773e+02
9.773999999999999773e+02
9.778999999999999773e+02
9.783999999999999773e+02
9.788999999999999773e+02
9.793999999999999773e+02
9.798999999999999773e+02
9.803999999999999773e+02
9.808999999999999773e+02
9.813999999999999773e+02
9.818999999999999773e+02
9.823999999999999773e+02
9.828999999999999773e+02
9.833999999999999773e+02
9.838999999999999773e+02
9.843999999999999773e+02
9.848999999999999773e+02
9.853999999999999773e+02
9.858999999999999773e+02
9.863999999999999773e+02
9.868999999999999773e+02
9.873999999999999773e+02
9.878999999999999773e+02
9.883999999999999773e+02
9.888999999999999773e+02
9.893999999999999773e+02
9.898999999999999773e+02
9.903999999999999773e+02
9.908999999999999773e+02
9.913999999999999773e+02
9.918999999999999773e+02
9.923999999999999773e+02
9.928999999999999773e+02
9.933999999999999773e+02
9.938999999999999773e+02
9.943999999999999773e+02
9.948999999999999773e+02
9.953999999999999773e+02
9.958999999999999773e+02
9.963999999999999773e+02
9.968999999999999773e+02
9.973999999999999773e+02
9.978999999999999773e+02
9.983999999999999773e+02
9.988999999999999773e+02
9.993999999999999773e+02
9.998999999999999773e+02
1.000399999999999977e+03
1.000899999999999977e+03
1.001399999999999977e+03
1.001899999999999977e+03
1.002399999999999977e+03
1.002899999999999977e+03
1.003399999999999977e+03
1.003899999999999977e+03
